[[0.1315 0.1705 0.1605 0.139  0.188  0.131  0.153  0.13   0.1585 0.193
  0.181  0.1885 0.1285 0.168  0.1485 0.173  0.175  0.172  0.1755 0.1785
  0.1685 0.155  0.1675 0.207  0.171  0.1555 0.1775 0.1415 0.1615 0.144 ]
 [0.1475 0.1705 0.1565 0.138  0.1885 0.126  0.1465 0.1255 0.153  0.171
  0.17   0.1805 0.125  0.149  0.1355 0.1575 0.159  0.1615 0.1615 0.1595
  0.1625 0.137  0.155  0.188  0.1665 0.1575 0.16   0.1395 0.151  0.14  ]
 [0.1475 0.171  0.162  0.137  0.1865 0.127  0.1375 0.123  0.1505 0.1645
  0.1525 0.168  0.1225 0.1335 0.1405 0.1575 0.1555 0.163  0.1635 0.1415
  0.1605 0.133  0.1495 0.1895 0.151  0.1585 0.1485 0.1455 0.148  0.141 ]
 [0.149  0.175  0.1575 0.1625 0.177  0.116  0.12   0.1235 0.1435 0.1625
  0.1525 0.1625 0.1235 0.133  0.1395 0.15   0.1525 0.155  0.1585 0.1415
  0.1515 0.1345 0.1505 0.177  0.1515 0.147  0.139  0.1355 0.1395 0.1455]
 [0.1365 0.1755 0.1585 0.151  0.1665 0.1125 0.1265 0.115  0.1305 0.154
  0.1465 0.16   0.122  0.1335 0.134  0.157  0.152  0.1505 0.1605 0.143
  0.156  0.13   0.1395 0.169  0.1615 0.153  0.147  0.14   0.1375 0.1345]
 [0.1145 0.1595 0.1315 0.119  0.1415 0.099  0.102  0.091  0.113  0.1365
  0.1255 0.141  0.106  0.1085 0.1115 0.126  0.1285 0.1255 0.143  0.112
  0.145  0.1105 0.117  0.149  0.13   0.1175 0.1195 0.11   0.1135 0.1175]
 [0.119  0.148  0.1155 0.107  0.1365 0.0845 0.088  0.0905 0.094  0.1215
  0.117  0.1195 0.096  0.1035 0.106  0.123  0.1235 0.1225 0.1375 0.106
  0.126  0.1045 0.114  0.138  0.13   0.1165 0.109  0.096  0.107  0.1095]
 [0.1525 0.208  0.1485 0.1595 0.1895 0.126  0.1055 0.1335 0.1615 0.192
  0.1915 0.1395 0.111  0.148  0.153  0.186  0.2135 0.232  0.2165 0.137
  0.1335 0.175  0.192  0.174  0.238  0.177  0.146  0.139  0.158  0.174 ]
 [0.1545 0.329  0.203  0.2365 0.278  0.14   0.1255 0.2185 0.326  0.2965
  0.338  0.137  0.1965 0.196  0.2695 0.307  0.3155 0.3805 0.3095 0.1515
  0.1865 0.264  0.3335 0.2    0.3695 0.324  0.215  0.1815 0.26   0.3075]
 [0.5065 0.479  0.5775 0.351  0.6935 0.164  0.15   0.693  0.75   0.7215
  0.675  0.4155 0.222  0.207  0.5225 0.7195 0.5225 0.7495 0.6285 0.2205
  0.2095 0.667  0.491  0.2895 0.893  0.6435 0.2805 0.213  0.7215 0.6565]
 [0.6235 0.634  0.713  0.7055 0.493  0.2115 0.2155 0.7035 0.797  0.853
  0.9145 0.5815 0.2775 0.232  0.7675 0.901  0.739  0.837  0.8925 0.275
  0.1845 0.7975 0.6075 0.4515 0.9765 0.822  0.3185 0.2945 0.893  0.801 ]
 [0.6285 0.5035 0.722  0.6625 0.7305 0.247  0.2355 0.749  0.9235 0.8085
  0.885  0.4045 0.3015 0.2285 0.747  0.714  0.707  0.8075 0.707  0.3045
  0.1955 0.83   0.579  0.4805 0.9935 0.7995 0.3235 0.285  0.9305 0.724 ]
 [0.7065 0.7285 0.7265 0.6615 0.693  0.261  0.2135 0.819  0.896  0.667
  0.7305 0.4015 0.3255 0.232  0.759  0.749  0.93   0.915  0.697  0.3365
  0.206  0.8185 0.7165 0.543  0.908  0.722  0.3585 0.288  0.844  0.647 ]
 [0.309  0.47   0.506  0.41   0.416  0.2805 0.2645 0.5995 0.575  0.6595
  0.6815 0.35   0.3235 0.2675 0.5615 0.587  0.59   0.592  0.5675 0.335
  0.2105 0.5765 0.631  0.498  0.5715 0.541  0.363  0.3615 0.5975 0.605 ]
 [0.63   0.563  0.522  0.5775 0.7265 0.301  0.2785 0.7665 0.9215 0.961
  0.8155 0.4375 0.2935 0.301  0.805  0.803  0.875  0.866  0.571  0.336
  0.214  0.9095 0.6045 0.5065 0.904  0.9305 0.3895 0.356  0.9835 0.8515]
 [0.4975 0.574  0.5645 0.5335 0.5195 0.267  0.2825 0.8375 0.946  0.748
  0.862  0.403  0.3175 0.277  0.737  0.8155 0.7095 0.8855 0.517  0.371
  0.216  0.5805 0.6465 0.5195 0.896  0.781  0.3755 0.3695 0.923  0.604 ]
 [0.451  0.34   0.5395 0.4285 0.703  0.244  0.2345 0.72   0.841  0.846
  0.677  0.239  0.312  0.2785 0.7465 0.694  0.752  0.619  0.787  0.376
  0.2255 0.9425 0.6535 0.5215 0.733  0.819  0.35   0.331  0.822  0.6665]
 [0.5065 0.543  0.4755 0.3425 0.408  0.2015 0.238  0.611  0.6385 0.735
  0.604  0.2005 0.2575 0.212  0.8245 0.755  0.715  0.654  0.669  0.2825
  0.22   0.923  0.628  0.593  0.72   0.608  0.2765 0.2845 0.689  0.5545]
 [0.318  0.297  0.2995 0.2615 0.289  0.209  0.1805 0.4745 0.468  0.527
  0.5175 0.173  0.254  0.189  0.4135 0.4265 0.466  0.4645 0.602  0.2515
  0.194  0.453  0.498  0.4465 0.6755 0.579  0.2615 0.264  0.429  0.438 ]
 [0.2455 0.2275 0.171  0.207  0.2365 0.183  0.168  0.3145 0.3035 0.267
  0.3505 0.161  0.243  0.1595 0.2775 0.318  0.2895 0.3175 0.238  0.209
  0.1615 0.306  0.374  0.2735 0.595  0.3205 0.253  0.257  0.2645 0.328 ]
 [0.2125 0.197  0.1455 0.19   0.18   0.119  0.1685 0.211  0.231  0.2135
  0.2495 0.1655 0.204  0.1505 0.1955 0.259  0.2255 0.224  0.213  0.1705
  0.162  0.2095 0.2745 0.2175 0.509  0.2465 0.196  0.2225 0.2155 0.2695]
 [0.226  0.189  0.156  0.1815 0.1735 0.148  0.181  0.2005 0.207  0.2045
  0.215  0.1325 0.1865 0.1395 0.1745 0.235  0.193  0.2035 0.2085 0.168
  0.152  0.1835 0.2405 0.1995 0.1885 0.213  0.183  0.206  0.194  0.253 ]
 [0.223  0.2005 0.1625 0.182  0.1495 0.149  0.1635 0.183  0.219  0.1985
  0.195  0.1315 0.1985 0.1635 0.1825 0.2345 0.192  0.195  0.2005 0.1785
  0.1615 0.181  0.251  0.1735 0.1855 0.206  0.1675 0.1835 0.1735 0.223 ]
 [0.192  0.196  0.1455 0.182  0.128  0.155  0.136  0.1585 0.212  0.1925
  0.185  0.1285 0.1875 0.155  0.175  0.2075 0.1725 0.1865 0.1945 0.1675
  0.1735 0.164  0.216  0.18   0.1785 0.1975 0.166  0.1665 0.1515 0.1705]]