
< REC=DAY; DATE=200601; P48=0.0650,0.0665,0.0695,0.0780,0.0740,0.0735,0.0745,0.0745,0.0720,0.0645,0.0610,0.0535,0.0545,0.0645,0.0730,0.0795,0.0760,0.0785,0.1990,0.3075,0.3520,0.2715,0.3425,0.2860,0.3690,0.3375,0.1555,0.1535,0.3375,0.2925,0.2395,0.2580,0.2245,0.2265,0.3430,0.1635,0.1605,0.1575,0.1270,0.1185,0.1080,0.1045,0.1110,0.1150,0.1165,0.1065,0.0995,0.0925; ST48= , , , , , , , , , , , , , , , , , , , , , , , , , , , , , , , , , , , , , , , , , , , , , , , ; >
< REC=DAY; DATE=200602; P48=0.0865,0.0840,0.0840,0.0865,0.0830,0.0880,0.0860,0.0890,0.0860,0.0895,0.0875,0.0720,0.0665,0.0815,0.0925,0.1155,0.1365,0.1925,0.2490,0.2300,0.3840,0.2500,0.2835,0.2200,0.3790,0.3495,0.2950,0.1750,0.2575,0.3055,0.3400,0.2340,0.1660,0.1740,0.3765,0.1665,0.1660,0.1310,0.1115,0.1160,0.1015,0.0955,0.0890,0.1000,0.0990,0.1015,0.0975,0.0985; ST48= , , , , , , , , , , , , , , , , , , , , , , , , , , , , , , , , , , , , , , , , , , , , , , , ; >
< REC=DAY; DATE=200603; P48=0.0845,0.0760,0.0750,0.0815,0.0805,0.0815,0.0795,0.0780,0.0835,0.0750,0.0705,0.0610,0.0560,0.0595,0.0595,0.0890,0.1015,0.1015,0.2480,0.3295,0.3460,0.3670,0.3810,0.3410,0.3405,0.3860,0.3210,0.1850,0.2325,0.2895,0.2720,0.2925,0.2065,0.3330,0.2050,0.2705,0.1630,0.1365,0.0935,0.0775,0.0685,0.0770,0.0710,0.0850,0.0805,0.0820,0.0745,0.0710; ST48= , , , , , , , , , , , , , , , , , , , , , , , , , , , , , , , , , , , , , , , , , , , , , , , ; >
< REC=DAY; DATE=200604; P48=0.0695,0.0695,0.0700,0.0680,0.0670,0.0700,0.0805,0.0820,0.0785,0.0725,0.0650,0.0540,0.0535,0.0535,0.0650,0.0945,0.1105,0.1260,0.1620,0.1890,0.3300,0.3755,0.4005,0.2620,0.3640,0.2975,0.1955,0.2145,0.3755,0.2020,0.1965,0.3370,0.2550,0.1735,0.1645,0.1780,0.1380,0.1235,0.1030,0.1040,0.1025,0.0875,0.0870,0.0945,0.0905,0.0915,0.0940,0.0880; ST48= , , , , , , , , , , , , , , , , , , , , , , , , , , , , , , , , , , , , , , , , , , , , , , , ; >
< REC=DAY; DATE=200605; P48=0.0920,0.0960,0.0975,0.0910,0.0930,0.0935,0.0895,0.0875,0.0850,0.0815,0.0760,0.0655,0.0665,0.0700,0.0830,0.1065,0.1260,0.1520,0.3050,0.3885,0.2485,0.2445,0.3125,0.4180,0.4190,0.2740,0.2130,0.2030,0.3835,0.3430,0.2420,0.2775,0.3185,0.3845,0.2470,0.1610,0.1515,0.1375,0.1245,0.1120,0.0925,0.0875,0.0840,0.0895,0.0795,0.0700,0.0670,0.0610; ST48= , , , , , , , , , , , , , , , , , , , , , , , , , , , , , , , , , , , , , , , , , , , , , , , ; >
< REC=DAY; DATE=200606; P48=0.0655,0.0655,0.0635,0.0625,0.0630,0.0640,0.0580,0.0580,0.0550,0.0575,0.0535,0.0455,0.0430,0.0415,0.0570,0.0690,0.0695,0.0705,0.0720,0.0920,0.1040,0.1075,0.1175,0.1295,0.1245,0.1365,0.1435,0.1370,0.1575,0.1435,0.1295,0.1375,0.1255,0.1185,0.1010,0.1005,0.1045,0.1045,0.1105,0.0725,0.0635,0.0555,0.0630,0.0850,0.0755,0.0735,0.0760,0.0790; ST48= , , , , , , , , , , , , , , , , , , , , , , , , , , , , , , , , , , , , , , , , , , , , , , , ; >
< REC=DAY; DATE=200607; P48=0.0775,0.0755,0.0745,0.0720,0.0710,0.0665,0.0605,0.0595,0.0595,0.0670,0.0570,0.0450,0.0430,0.0450,0.0500,0.0555,0.0630,0.0625,0.0705,0.0795,0.1025,0.1130,0.1215,0.1140,0.1000,0.1135,0.1210,0.1435,0.1415,0.1370,0.1340,0.1485,0.1160,0.1185,0.1295,0.1085,0.0915,0.0890,0.0870,0.0810,0.0845,0.0840,0.0845,0.0965,0.0900,0.0735,0.0715,0.0645; ST48= , , , , , , , , , , , , , , , , , , , , , , , , , , , , , , , , , , , , , , , , , , , , , , , ; >
< REC=DAY; DATE=200608; P48=0.0650,0.0650,0.0635,0.0620,0.0605,0.0625,0.0640,0.0595,0.0610,0.0540,0.0460,0.0450,0.0425,0.0480,0.0480,0.0855,0.1040,0.1145,0.2935,0.3995,0.4120,0.2915,0.2735,0.4755,0.5010,0.3180,0.3035,0.2960,0.3875,0.3790,0.4280,0.4095,0.3720,0.3480,0.2845,0.3265,0.2415,0.2330,0.1795,0.1350,0.1065,0.1045,0.1015,0.0990,0.0910,0.0920,0.0830,0.0755; ST48= , , , , , , , , , , , , , , , , , , , , , , , , , , , , , , , , , , , , , , , , , , , , , , , ; >
< REC=DAY; DATE=200609; P48=0.0790,0.0795,0.0800,0.0730,0.0755,0.0750,0.0715,0.0720,0.0650,0.0655,0.0610,0.0520,0.0455,0.0485,0.0555,0.1060,0.1560,0.1700,0.3270,0.4230,0.3900,0.4070,0.4395,0.4840,0.4640,0.4320,0.2685,0.3065,0.4680,0.4535,0.4650,0.4810,0.4380,0.4030,0.3110,0.3275,0.2530,0.2150,0.1610,0.1425,0.1235,0.1075,0.0975,0.1095,0.1075,0.1115,0.1080,0.1040; ST48= , , , , , , , , , , , , , , , , , , , , , , , , , , , , , , , , , , , , , , , , , , , , , , , ; >
< REC=DAY; DATE=200610; P48=0.0975,0.0955,0.0895,0.0815,0.0820,0.0825,0.0805,0.0820,0.0795,0.0745,0.0715,0.0650,0.0605,0.0610,0.0715,0.1205,0.1370,0.1595,0.3185,0.4030,0.4485,0.4045,0.3960,0.4125,0.3345,0.3325,0.3235,0.3360,0.5195,0.4415,0.4135,0.3345,0.4095,0.4365,0.3425,0.3925,0.3375,0.1895,0.1440,0.1230,0.1120,0.1015,0.1000,0.1045,0.1045,0.0940,0.0985,0.0940; ST48= , , , , , , , , , , , , , , , , , , , , , , , , , , , , , , , , , , , , , , , , , , , , , , , ; >
< REC=DAY; DATE=200611; P48=0.0885,0.0925,0.0885,0.0815,0.0760,0.0765,0.0740,0.0785,0.0730,0.0735,0.0640,0.0615,0.0545,0.0625,0.0810,0.1105,0.1575,0.1805,0.2890,0.3860,0.3640,0.5505,0.4395,0.4455,0.3425,0.3880,0.3400,0.3415,0.4255,0.3900,0.4080,0.4540,0.3595,0.3175,0.3185,0.2855,0.2720,0.2455,0.1915,0.1590,0.1300,0.1195,0.1070,0.1080,0.1000,0.0950,0.0935,0.0915; ST48= , , , , , , , , , , , , , , , , , , , , , , , , , , , , , , , , , , , , , , , , , , , , , , , ; >
< REC=DAY; DATE=200612; P48=0.0955,0.0930,0.0905,0.0900,0.0850,0.0830,0.0805,0.0820,0.0805,0.0795,0.0765,0.0645,0.0580,0.0615,0.0725,0.0670,0.0660,0.0710,0.1620,0.2535,0.2745,0.3070,0.2245,0.1800,0.2355,0.1660,0.2185,0.1315,0.2500,0.1875,0.1905,0.2125,0.1155,0.1235,0.1025,0.0980,0.0915,0.0815,0.0785,0.0825,0.0830,0.0825,0.0655,0.0670,0.0680,0.0635,0.0635,0.0650; ST48= , , , , , , , , , , , , , , , , , , , , , , , , , , , , , , , , , , , , , , , , , , , , , , , ; >
< REC=DAY; DATE=200613; P48=0.0640,0.0645,0.0645,0.0605,0.0620,0.0605,0.0605,0.0630,0.0640,0.0580,0.0605,0.0455,0.0460,0.0500,0.0500,0.0610,0.0955,0.1010,0.1090,0.1130,0.1370,0.1405,0.1495,0.1520,0.1600,0.1655,0.1605,0.1630,0.1465,0.1470,0.1640,0.1535,0.1540,0.1580,0.1330,0.1245,0.1315,0.1225,0.1265,0.1165,0.1100,0.0940,0.0895,0.0970,0.1010,0.0975,0.0935,0.0940; ST48= , , , , , , , , , , , , , , , , , , , , , , , , , , , , , , , , , , , , , , , , , , , , , , , ; >
< REC=DAY; DATE=200614; P48=0.0840,0.0840,0.0795,0.0695,0.0680,0.0655,0.0685,0.0645,0.0685,0.0650,0.0615,0.0470,0.0480,0.0555,0.0645,0.0835,0.0925,0.1035,0.0975,0.1095,0.1235,0.1085,0.1180,0.1105,0.1150,0.1170,0.1265,0.1410,0.1565,0.1445,0.1400,0.1370,0.1465,0.1320,0.1140,0.0980,0.0980,0.0910,0.0810,0.0785,0.0780,0.0725,0.0670,0.0725,0.0805,0.0830,0.0825,0.0725; ST48= , , , , , , , , , , , , , , , , , , , , , , , , , , , , , , , , , , , , , , , , , , , , , , , ; >
< REC=DAY; DATE=200615; P48=0.0740,0.0745,0.0685,0.0670,0.0700,0.0705,0.0725,0.0670,0.0680,0.0660,0.0600,0.0515,0.0505,0.0555,0.0590,0.0940,0.1340,0.1355,0.1750,0.3475,0.2915,0.4760,0.3035,0.4435,0.3575,0.4015,0.2880,0.2735,0.4485,0.3565,0.4465,0.2905,0.2735,0.4730,0.4085,0.4160,0.2190,0.1945,0.1490,0.1285,0.1050,0.0905,0.0840,0.0905,0.0940,0.0885,0.0870,0.0880; ST48= , , , , , , , , , , , , , , , , , , , , , , , , , , , , , , , , , , , , , , , , , , , , , , , ; >
< REC=DAY; DATE=200616; P48=0.0895,0.0835,0.0770,0.0805,0.0795,0.0780,0.0745,0.0755,0.0775,0.0795,0.0690,0.0570,0.0590,0.0640,0.0710,0.1150,0.1445,0.1625,0.3140,0.4055,0.4850,0.4160,0.3005,0.4135,0.3780,0.3710,0.3000,0.2870,0.4150,0.3880,0.3610,0.4545,0.3250,0.3690,0.4355,0.3195,0.2370,0.1895,0.1620,0.1560,0.1355,0.1235,0.1160,0.1190,0.1220,0.1125,0.1070,0.1005; ST48= , , , , , , , , , , , , , , , , , , , , , , , , , , , , , , , , , , , , , , , , , , , , , , , ; >
< REC=DAY; DATE=200617; P48=0.0900,0.0850,0.0780,0.0810,0.0780,0.0775,0.0770,0.0755,0.0770,0.0750,0.0705,0.0580,0.0600,0.0635,0.0830,0.1305,0.1460,0.1695,0.2700,0.2525,0.3185,0.4205,0.3100,0.3970,0.5115,0.4185,0.3080,0.2820,0.4210,0.4540,0.3255,0.3840,0.4400,0.3120,0.3765,0.3385,0.2410,0.2250,0.1605,0.1290,0.1140,0.1115,0.0930,0.1000,0.0990,0.0930,0.0850,0.0875; ST48= , , , , , , , , , , , , , , , , , , , , , , , , , , , , , , , , , , , , , , , , , , , , , , , ; >
< REC=DAY; DATE=200618; P48=0.0860,0.0860,0.0810,0.0805,0.0855,0.0775,0.0775,0.0775,0.0775,0.0730,0.0645,0.0610,0.0565,0.0660,0.0845,0.1475,0.1860,0.1945,0.2985,0.4510,0.4900,0.3470,0.4225,0.3850,0.4075,0.5075,0.2910,0.3010,0.4615,0.4045,0.4160,0.4695,0.3335,0.2855,0.3480,0.3060,0.2450,0.2195,0.1685,0.1490,0.1220,0.1020,0.1015,0.1020,0.0985,0.0965,0.0950,0.0915; ST48= , , , , , , , , , , , , , , , , , , , , , , , , , , , , , , , , , , , , , , , , , , , , , , , ; >
< REC=DAY; DATE=200619; P48=0.0895,0.0860,0.0845,0.0770,0.0830,0.0805,0.0805,0.0780,0.0800,0.0805,0.0730,0.0700,0.0665,0.0710,0.0935,0.1230,0.1465,0.1630,0.2430,0.3855,0.4480,0.4445,0.3475,0.3595,0.3905,0.3065,0.2840,0.2835,0.2845,0.2865,0.2675,0.2495,0.3910,0.3960,0.2995,0.3695,0.3760,0.2260,0.1230,0.1150,0.1085,0.1045,0.1005,0.1080,0.1035,0.0970,0.0985,0.0960; ST48= , , , , , , , , , , , , , , , , , , , , , , , , , , , , , , , , , , , , , , , , , , , , , , , ; >
< REC=DAY; DATE=200620; P48=0.0935,0.0850,0.0815,0.0780,0.0695,0.0720,0.0705,0.0710,0.0755,0.0675,0.0600,0.0520,0.0525,0.0535,0.0680,0.0690,0.0740,0.0775,0.1005,0.1200,0.1210,0.1540,0.1540,0.1505,0.1520,0.1845,0.1625,0.1725,0.1700,0.1660,0.1715,0.1995,0.1965,0.1795,0.1490,0.1335,0.1165,0.1350,0.1110,0.0980,0.0865,0.0840,0.0790,0.0890,0.0880,0.0905,0.0845,0.0830; ST48= , , , , , , , , , , , , , , , , , , , , , , , , , , , , , , , , , , , , , , , , , , , , , , , ; >
< REC=DAY; DATE=200621; P48=0.0855,0.0830,0.0825,0.0800,0.0805,0.0800,0.0760,0.0755,0.0760,0.0800,0.0800,0.0650,0.0635,0.0625,0.0660,0.0675,0.0940,0.0925,0.1090,0.1005,0.0910,0.0935,0.0970,0.0985,0.1040,0.1020,0.1070,0.1035,0.1080,0.1060,0.1095,0.1065,0.1085,0.1170,0.1080,0.1120,0.1000,0.0940,0.0800,0.0815,0.0910,0.0710,0.0695,0.0825,0.0790,0.0825,0.0880,0.0855; ST48= , , , , , , , , , , , , , , , , , , , , , , , , , , , , , , , , , , , , , , , , , , , , , , , ; >
< REC=DAY; DATE=200622; P48=0.0845,0.0705,0.0690,0.0680,0.0675,0.0655,0.0705,0.0640,0.0660,0.0640,0.0590,0.0515,0.0475,0.0570,0.0605,0.1145,0.1255,0.1385,0.3020,0.3650,0.4095,0.3880,0.4240,0.4060,0.4370,0.3815,0.2910,0.2855,0.4640,0.4455,0.2740,0.3065,0.5005,0.4420,0.5230,0.4000,0.2540,0.1990,0.1690,0.1370,0.1085,0.1010,0.0890,0.0945,0.0940,0.0870,0.0840,0.0800; ST48= , , , , , , , , , , , , , , , , , , , , , , , , , , , , , , , , , , , , , , , , , , , , , , , ; >
< REC=DAY; DATE=200623; P48=0.0865,0.0810,0.0765,0.0785,0.0755,0.0740,0.0785,0.0720,0.0750,0.0645,0.0610,0.0560,0.0560,0.0580,0.0710,0.1210,0.1580,0.1755,0.2080,0.2830,0.2985,0.3090,0.2805,0.2985,0.3510,0.3655,0.3240,0.3070,0.2950,0.3095,0.3115,0.3350,0.3280,0.3255,0.3150,0.3130,0.2600,0.2380,0.1905,0.1835,0.1445,0.1300,0.1220,0.1185,0.1310,0.1200,0.1140,0.1020; ST48= , , , , , , , , , , , , , , , , , , , , , , , , , , , , , , , , , , , , , , , , , , , , , , , ; >
< REC=DAY; DATE=200624; P48=0.1030,0.1040,0.0930,0.0950,0.0925,0.0970,0.0885,0.0885,0.0855,0.0835,0.0800,0.0690,0.0680,0.0700,0.0860,0.0880,0.0930,0.1070,0.1250,0.1645,0.2125,0.2390,0.2380,0.2425,0.2680,0.2750,0.2480,0.2500,0.2495,0.2570,0.2605,0.2590,0.2625,0.2590,0.2525,0.3405,0.2375,0.2090,0.1440,0.1295,0.1130,0.1045,0.1035,0.0960,0.0880,0.0855,0.0925,0.0875; ST48= , , , , , , , , , , , , , , , , , , , , , , , , , , , , , , , , , , , , , , , , , , , , , , , ; >
< REC=DAY; DATE=200625; P48=0.0855,0.0855,0.0865,0.0800,0.0750,0.0760,0.0765,0.0750,0.0795,0.0820,0.0650,0.0650,0.0630,0.0670,0.0845,0.1535,0.1725,0.1970,0.3955,0.4975,0.5005,0.4760,0.4945,0.4990,0.4925,0.4155,0.2795,0.2920,0.4055,0.4985,0.4795,0.4165,0.3575,0.3755,0.3785,0.3415,0.3150,0.3605,0.3210,0.2740,0.2340,0.2750,0.0950,0.0935,0.0980,0.0875,0.0920,0.0865; ST48= , , , , , , , , , , , , , , , , , , , , , , , , , , , , , , , , , , , , , , , , , , , , , , , ; >
< REC=DAY; DATE=200626; P48=0.0785,0.0770,0.0795,0.0780,0.0770,0.0815,0.0745,0.0725,0.0785,0.0745,0.0645,0.0530,0.0585,0.0580,0.0680,0.1090,0.1535,0.1705,0.3195,0.3240,0.4155,0.4065,0.3800,0.4195,0.3825,0.3395,0.2690,0.2720,0.4785,0.4520,0.4325,0.3485,0.4030,0.4160,0.3245,0.2835,0.3070,0.2720,0.1590,0.1615,0.1335,0.1130,0.1085,0.1045,0.1015,0.1045,0.1010,0.0965; ST48= , , , , , , , , , , , , , , , , , , , , , , , , , , , , , , , , , , , , , , , , , , , , , , , ; >
< REC=DAY; DATE=200627; P48=0.0885,0.0890,0.0845,0.0755,0.0755,0.0730,0.0690,0.0700,0.0760,0.0710,0.0645,0.0550,0.0535,0.0555,0.0630,0.0830,0.1050,0.1100,0.1270,0.1535,0.1690,0.1495,0.1565,0.1670,0.1745,0.1840,0.1815,0.1815,0.1870,0.2025,0.1920,0.1835,0.1855,0.1645,0.1425,0.1340,0.1275,0.1340,0.1330,0.1200,0.1060,0.0900,0.0955,0.0875,0.0905,0.0770,0.0835,0.0825; ST48= , , , , , , , , , , , , , , , , , , , , , , , , , , , , , , , , , , , , , , , , , , , , , , , ; >
< REC=DAY; DATE=200628; P48=0.0725,0.0690,0.0690,0.0705,0.0745,0.0710,0.0675,0.0680,0.0700,0.0700,0.0580,0.0520,0.0460,0.0500,0.0595,0.0795,0.0940,0.0875,0.0980,0.1150,0.1500,0.1445,0.1455,0.1395,0.1400,0.1480,0.1800,0.1815,0.1780,0.1780,0.1810,0.1885,0.1685,0.1625,0.1395,0.1450,0.1390,0.1250,0.1300,0.1270,0.1105,0.1120,0.1000,0.1060,0.0970,0.0865,0.0830,0.0835; ST48= , , , , , , , , , , , , , , , , , , , , , , , , , , , , , , , , , , , , , , , , , , , , , , , ; >
< REC=DAY; DATE=200629; P48=0.0825,0.0790,0.0755,0.0755,0.0765,0.0715,0.0690,0.0705,0.0680,0.0695,0.0605,0.0530,0.0490,0.0580,0.0595,0.0985,0.1275,0.1325,0.3105,0.4110,0.4240,0.4690,0.4590,0.4715,0.4040,0.4400,0.3080,0.2895,0.4670,0.5165,0.5155,0.4075,0.4945,0.3275,0.3380,0.3510,0.2465,0.1825,0.1375,0.1270,0.1105,0.1050,0.1005,0.0935,0.0915,0.0820,0.0780,0.0735; ST48= , , , , , , , , , , , , , , , , , , , , , , , , , , , , , , , , , , , , , , , , , , , , , , , ; >
< REC=DAY; DATE=200630; P48=0.0735,0.0705,0.0685,0.0715,0.0730,0.0680,0.0710,0.0745,0.0705,0.0640,0.0635,0.0540,0.0505,0.0590,0.0705,0.1035,0.1355,0.1720,0.2995,0.3570,0.4595,0.3415,0.3480,0.3760,0.2490,0.3980,0.2940,0.3110,0.4320,0.4195,0.3465,0.2575,0.3915,0.2750,0.2395,0.3150,0.2215,0.2165,0.1705,0.1575,0.1360,0.1335,0.1245,0.1285,0.1170,0.1060,0.0860,0.0845; ST48= , , , , , , , , , , , , , , , , , , , , , , , , , , , , , , , , , , , , , , , , , , , , , , , ; >
